AUC=0.8656387012679226
ACC=0.75
F1=0.3798449612403101
