AUC=0.933345183078564
ACC=0.94375
F1=0.6666666666666666
