AUC=0.9329304419954971
ACC=0.9328125
F1=0.6717557251908397
