AUC=0.8974700793932932
ACC=0.834375
F1=0.45918367346938777
